11 289 9
6 426 10
12 560 11
1 154 128
7 983 129
2 57043 130
8 74544 131
3 367 132
9 1246 133
4 0 134
10 0 135
5 1 136
11 1296 137
6 0 138
12 0 139
1 256 0
7 687 1
2 47782 2
8 70478 3
3 11 4
9 488 5
4 0 6
10 0 7
5 285 8
11 839 9
6 373 10
12 433 11
1 263 128
7 1119 129
2 57154 130
8 74512 131
3 29 132
9 936 133
4 0 134
10 0 135
5 36 136
11 1287 137
6 0 138
12 0 139
1 282 0
7 713 1
2 48138 2
8 70855 3
3 0 4
9 364 5
4 57 6
10 80 7
5 315 8
11 952 9
6 0 10
12 0 11
1 105 128
7 1023 129
2 57425 130
8 75145 131
3 484 132
9 1468 133
4 0 134
10 0 135
5 211 136
11 1507 137
6 0 138
12 0 139
1 25 0
7 376 1
2 50140 2
8 73826 3
3 216 4
9 689 5
4 0 6
10 0 7
5 36 8
11 530 9
6 39 10
12 0 11
1 229 128
7 1094 129
2 58030 130
8 75866 131
3 431 132
9 1471 133
4 0 134
10 0 135
5 556 136
11 1826 137
6 0 138
12 75 139
1 52 0
7 457 1
2 50530 2
8 74294 3
3 356 4
9 906 5
4 0 6
10 0 7
5 305 8
11 889 9
6 31 10
12 0 11
1 417 128
7 1318 129
2 60115 130
8 78134 131
3 267 132
9 1183 133
4 222 134
10 313 135
5 0 136
11 1071 137
6 119 138
12 107 139
1 236 0
7 624 1
2 48446 2
8 71370 3
3 353 4
9 869 5
4 0 6
10 0 7
5 232 8
11 729 9
6 0 10
12 7 11
1 453 128
7 1309 129
2 57438 130
8 75137 131
3 0 132
9 801 133
4 35 134
10 27 135
5 340 136
11 1812 137
6 0 138
12 0 139
1 0 0
7 298 1
2 49295 2
8 72774 3
3 230 4
9 668 5
4 228 6
10 364 7
5 0 8
11 366 9
6 117 10
12 151 11
1 627 128
7 1870 129
2 59931 130
8 77552 131
3 302 132
9 1168 133
4 53 134
10 100 135
5 301 136
11 1531 137
6 0 138
12 0 139
1 65 0
7 384 1
2 49416 2
8 72908 3
3 36 4
9 446 5
4 45 6
10 0 7
5 103 8
11 651 9
6 0 10
12 0 11
1 0 128
7 703 129
2 57663 130
8 74966 131
3 160 132
9 1175 133
4 0 134
10 0 135
5 133 136
11 1275 137
6 106 138
12 114 139
1 0 0
7 255 1
2 50425 2
8 74091 3
3 217 4
9 702 5
4 0 6
10 0 7
5 6 8
11 421 9
6 431 10
12 491 11
1 617 128
7 1430 129
2 60187 130
8 78221 131
3 866 132
9 2045 133
4 0 134
10 0 135
5 0 136
11 854 137
6 386 138
12 489 139
1 0 0
7 245 1
2 50597 2
8 74267 3
3 398 4
9 914 5
4 77 6
10 322 7
5 0 8
11 459 9
6 0 10
12 0 11
1 29 128
7 843 129
2 58510 130
8 76409 131
3 407 132
9 1345 133
4 0 134
10 0 135
5 0 136
11 1003 137
6 125 138
12 43 139
1 289 0
7 770 1
2 47973 2
8 70808 3
3 0 4
9 319 5
4 0 6
10 0 7
5 0 8
11 122 9
6 63 10
12 105 11
4 0 128
10 0 129
5 377 130
11 1772 131
6 0 132
12 0 133
1 197 134
7 1032 135
2 60399 136
8 78280 137
3 568 138
9 1617 139
1 307 0
7 762 1
2 48790 2
8 72149 3
3 131 4
9 560 5
4 0 6
10 0 7
5 368 8
11 925 9
6 0 10
12 2 11
1 341 128
7 1234 129
2 58347 130
8 76262 131
3 218 132
9 1125 133
4 26 134
10 0 135
5 224 136
11 1464 137
6 90 138
12 106 139
1 0 0
7 174 1
2 50279 2
8 73960 3
3 19 4
9 466 5
4 238 6
10 304 7
5 334 8
11 936 9
6 0 10
12 0 11
1 103 128
7 926 129
2 56941 130
8 74389 131
3 248 132
9 1182 133
4 5 134
10 15 135
5 388 136
11 1644 137
6 0 138
12 0 139
1 0 0
7 82 1
2 49776 2
8 73386 3
3 289 4
9 836 5
4 99 6
10 69 7
5 277 8
11 908 9
6 67 10
12 188 11
1 0 128
7 524 129
2 57494 130
8 74805 131
3 0 132
9 933 133
4 109 134
10 146 135
5 218 136
11 1472 137
6 0 138
12 9 139
1 0 0
7 255 1
2 48303 2
8 71412 3
3 245 4
9 674 5
4 182 6
10 291 7
5 41 8
11 514 9
6 239 10
12 337 11
1 0 128
7 839 129
2 57395 130
8 75040 131
3 271 132
9 1274 133
4 0 134
10 0 135
5 556 136
11 1884 137
6 0 138
12 0 139
1 171 0
7 578 1
2 50181 2
8 73489 3
3 138 4
9 581 5
4 188 6
10 171 7
5 207 8
11 786 9
6 38 10
12 1 11
1 238 128
7 1103 129
2 59219 130
8 77281 131
3 306 132
9 1225 133
4 498 134
10 667 135
5 0 136
11 1156 137
6 0 138
12 0 139
1 142 0
7 423 1
2 48377 2
8 71520 3
3 174 4
9 617 5
4 164 6
10 257 7
5 0 8
11 451 9
6 390 10
12 488 11
1 338 128
7 1204 129
2 56830 130
8 74235 131
3 0 132
9 686 133
4 14 134
10 0 135
5 104 136
11 1336 137
6 0 138
12 0 139
1 401 0
7 867 1
2 48401 2
8 71556 3
3 0 4
9 0 5
4 0 6
10 0 7
5 449 8
11 1072 9
6 0 10
12 0 11
1 306 128
7 1149 129
2 59688 130
8 77242 131
3 113 132
9 1052 133
4 7 134
10 0 135
5 137 136
11 1377 137
6 0 138
12 25 139
1 0 0
7 0 1
2 50489 2
8 74003 3
3 478 4
9 1055 5
4 0 6
10 15 7
5 0 8
11 338 9
6 0 10
12 0 11
1 232 128
7 1157 129
2 57793 130
8 75620 131
3 392 132
9 1380 133
4 0 134
10 0 135
5 479 136
11 1825 137
6 118 138
12 164 139
1 0 0
7 0 1
2 50504 2
8 74036 3
3 520 4
9 1142 5
4 454 6
10 752 7
5 0 8
11 386 9
6 0 10
12 104 11
1 728 128
7 1840 129
2 59883 130
8 77543 131
3 33 132
9 813 133
4 276 134
10 325 135
5 0 136
11 901 137
6 61 138
12 0 139
1 77 0
7 478 1
2 50610 2
8 74194 3
3 220 4
9 709 5
4 0 6
10 0 7
5 0 8
11 364 9
6 188 10
12 204 11
1 162 128
7 1000 129
2 57661 130
8 75447 131
3 514 132
9 1490 133
4 145 134
10 338 135
5 0 136
11 1107 137
6 0 138
12 0 139
1 0 0
7 169 1
2 49781 2
8 73328 3
3 0 4
9 296 5
4 441 6
10 489 7
5 147 8
11 707 9
6 264 10
12 410 11
1 277 128
7 1190 129
2 60487 130
8 78338 131
3 96 132
9 985 133
4 28 134
10 54 135
5 241 136
11 1564 137
6 0 138
12 0 139
1 277 0
7 671 1
2 48082 2
8 70909 3
3 479 4
9 1036 5
4 0 6
10 0 7
5 476 8
11 1115 9
6 0 10
12 0 11
1 120 128
7 945 129
2 57115 130
8 74526 131
3 109 132
9 996 133
4 175 134
10 134 135
5 407 136
11 1756 137
6 118 138
12 133 139
1 255 0
7 692 1
2 48609 2
8 71849 3
3 277 4
9 708 5
4 168 6
10 264 7
5 0 8
11 388 9
6 172 10
12 315 11
1 308 128
7 1328 129
2 56165 130
8 75506 131
3 6437 132
9 1840 133
4 0 134
10 0 135
5 160 136
11 1315 137
6 148 138
12 260 139
1 193 0
7 595 1
2 48722 2
8 71635 3
3 260 4
9 699 5
4 0 6
10 0 7
5 0 8
11 266 9
6 0 10
12 0 11
1 0 128
7 738 129
2 58607 130
8 75995 131
3 0 132
9 467 133
4 465 134
10 523 135
5 0 136
11 805 137
6 0 138
12 0 139
1 0 0
7 59 1
2 50611 2
8 74387 3
3 163 4
9 715 5
4 30 6
10 28 7
5 377 8
11 1010 9
6 0 10
12 0 11
1 307 128
7 1299 129
2 58422 130
8 76337 131
3 610 132
9 1655 133
4 0 134
10 0 135
5 200 136
11 1382 137
6 306 138
12 441 139
1 383 0
7 836 1
2 48499 2
8 71667 3
3 0 4
9 317 5
4 328 6
10 292 7
5 434 8
11 1023 9
6 90 10
12 204 11
1 288 128
7 1213 129
2 60137 130
8 78179 131
3 328 132
9 1225 133
4 35 134
10 63 135
5 403 136
11 1737 137
6 0 138
12 0 139
1 26 0
7 427 1
2 48929 2
8 71875 3
3 278 4
9 632 5
4 387 6
10 570 7
5 329 8
11 906 9
6 219 10
12 386 11
1 382 128
7 1306 129
2 57159 130
8 74503 131
3 177 132
9 1104 133
4 4 134
10 25 135
5 70 136
11 1319 137
6 47 138
12 73 139
1 0 0
7 0 1
2 50257 2
8 73602 3
3 576 4
9 1182 5
4 100 6
10 104 7
5 186 8
11 715 9
6 0 10
12 0 11
1 148 128
7 988 129
2 57804 130
8 75150 131
3 206 132
9 1135 133
4 0 134
10 0 135
5 292 136
11 1573 137
6 64 138
12 126 139
1 552 0
7 1212 1
2 49599 2
8 72649 3
3 490 4
9 1011 5
4 0 6
10 0 7
5 0 8
11 234 9
6 309 10
12 408 11
1 432 128
7 1303 129
2 58945 130
8 76987 131
3 658 132
9 1670 133
4 0 134
10 0 135
5 104 136
11 1280 137
6 308 138
12 388 139
1 314 0
7 827 1
2 50108 2
8 73388 3
3 118 4
9 580 5
4 0 6
10 0 7
5 309 8
11 936 9
6 0 10
12 0 11
1 474 128
7 1346 129
2 60246 130
8 78261 131
3 333 132
9 1151 133
4 69 134
10 134 135
5 0 136
11 1028 137
6 474 138
12 586 139
1 0 0
7 184 1
2 50458 2
8 74147 3
3 96 4
9 519 5
4 369 6
10 676 7
5 0 8
11 306 9
6 28 10
12 149 11
1 413 128
7 1309 129
2 58882 130
8 76890 131
3 295 132
9 1157 133
4 273 134
10 283 135
5 323 136
11 1735 137
6 0 138
12 0 139
1 433 0
7 956 1
2 48036 2
8 70861 3
3 468 4
9 1075 5
4 0 6
10 0 7
5 127 8
11 590 9
6 0 10
12 0 11
1 0 128
7 757 129
2 57807 130
8 75594 131
3 314 132
9 1327 133
4 0 134
10 0 135
5 0 136
11 992 137
6 68 138
12 43 139
1 0 0
7 6 1
2 50522 2
8 74264 3
3 188 4
9 686 5
4 0 6
10 0 7
5 252 8
11 802 9
6 128 10
12 105 11
1 284 128
7 1147 129
2 57874 130
8 75232 131
3 386 132
9 1495 133
4 0 134
10 0 135
5 29 136
11 1273 137
6 30 138
12 26 139
1 0 0
7 178 1
2 50725 2
8 74301 3
3 542 4
9 1091 5
4 0 6
10 0 7
5 18 8
11 482 9
6 0 10
12 0 11
1 0 128
7 879 129
2 57671 130
8 75511 131
3 286 132
9 1427 133
4 0 134
10 0 135
5 368 136
11 1641 137
6 0 138
12 0 139
1 221 0
7 624 1
2 48128 2
8 70930 3
3 329 4
9 736 5
4 250 6
10 362 7
5 315 8
11 951 9
6 0 10
12 0 11
1 608 128
7 1503 129
2 59879 130
8 77883 131
3 394 132
9 1264 133
4 0 134
10 0 135
5 249 136
11 1522 137
6 416 138
12 537 139
1 265 0
7 693 1
2 49305 2
8 72742 3
3 219 4
9 705 5
4 0 6
10 0 7
5 0 8
11 291 9
6 306 10
12 578 11
1 76 128
7 901 129
2 57478 130
8 75169 131
3 272 132
9 1272 133
4 0 134
10 0 135
5 379 136
11 1663 137
6 0 138
12 0 139
1 436 0
7 968 1
2 48038 2
8 70924 3
3 165 4
9 586 5
4 197 6
10 295 7
5 1154 8
11 2598 9
6 78 10
12 142 11
1 133 128
7 1014 129
2 57193 130
8 74772 131
3 341 132
9 1257 133
4 113 134
10 189 135
5 286 136
11 1599 137
6 0 138
12 0 139
1 274 0
7 701 1
2 47989 2
8 70830 3
3 372 4
9 818 5
4 0 6
10 0 7
5 16 8
11 538 9
6 0 10
12 0 11
1 202 128
7 1055 129
2 58774 130
8 76132 131
3 243 132
9 1170 133
4 62 134
10 0 135
5 343 136
11 1687 137
6 73 138
12 66 139
1 201 0
7 613 1
2 50337 2
8 73740 3
3 114 4
9 561 5
4 397 6
10 529 7
5 65 8
11 619 9
6 0 10
12 0 11
1 262 128
7 1233 129
2 58040 130
8 75859 131
3 764 132
9 1751 133
4 0 134
10 0 135
5 0 136
11 1196 137
6 0 138
12 0 139
1 264 0
7 682 1
2 48041 2
8 70937 3
3 633 4
9 1250 5
4 0 6
10 0 7
5 522 8
11 1136 9
6 0 10
12 0 11
1 46 128
7 800 129
2 59224 130
8 76663 131
3 97 132
9 984 133
4 385 134
10 474 135
5 0 136
11 1069 137
6 274 138
12 285 139
1 268 0
7 699 1
2 48599 2
8 72054 3
3 405 4
9 852 5
4 0 6
10 0 7
5 303 8
11 860 9
6 68 10
12 83 11
1 661 128
7 1593 129
2 60098 130
8 77844 131
3 0 132
9 787 133
4 252 134
10 329 135
5 0 136
11 946 137
6 277 138
12 331 139
1 293 0
7 651 1
2 48544 2
8 71588 3
3 0 4
9 437 5
4 0 6
10 0 7
5 389 8
11 1022 9
6 0 10
12 0 11
1 180 128
7 1067 129
2 58690 130
8 76027 131
3 326 132
9 1267 133
4 97 134
10 153 135
5 320 136
11 1655 137
6 79 138
12 64 139
1 96 0
7 428 1
2 50449 2
8 74055 3
3 337 4
9 839 5
4 0 6
10 0 7
5 0 8
11 168 9
6 0 10
12 0 11
1 24 128
7 774 129
2 56873 130
8 74243 131
3 595 132
9 1818 133
4 77 134
10 137 135
5 0 136
11 1095 137
6 170 138
12 355 139
1 62 0
7 507 1
2 49100 2
8 72046 3
3 269 4
9 684 5
4 29 6
10 52 7
5 79 8
11 603 9
6 0 10
12 0 11
1 444 128
7 1299 129
2 60007 130
8 77876 131
3 0 132
9 798 133
4 542 134
10 673 135
5 110 136
11 1392 137
6 0 138
12 0 139
1 27 0
7 407 1
2 49928 2
8 73117 3
3 289 4
9 721 5
4 194 6
10 304 7
5 69 8
11 581 9
6 0 10
12 0 11
1 62 128
7 741 129
2 59001 130
8 76494 131
3 0 132
9 759 133
4 521 134
10 733 135
5 0 136
11 1243 137
6 657 138
12 978 139
1 45 0
7 317 1
2 49990 2
8 73547 3
3 154 4
9 585 5
4 0 6
10 0 7
5 0 8
11 310 9
6 47 10
12 60 11
1 0 128
7 395 129
2 57238 130
8 74441 131
3 0 132
9 826 133
4 451 134
10 527 135
5 17 136
11 1367 137
6 35 138
12 0 139
1 0 0
7 260 1
2 49645 2
8 73123 3
3 0 4
9 0 5
4 0 6
10 0 7
5 352 8
11 998 9
6 0 10
12 0 11
1 0 128
7 752 129
2 62079 130
8 78327 131
3 372 132
9 1338 133
4 125 134
10 226 135
5 49 136
11 1189 137
6 0 138
12 0 139
1 104 0
7 442 1
2 48604 2
8 71785 3
3 256 4
9 640 5
4 0 6
10 0 7
5 39 8
11 487 9
6 54 10
12 106 11
1 228 128
7 1000 129
2 57077 130
8 74363 131
3 263 132
9 1237 133
4 169 134
10 331 135
5 266 136
11 1589 137
6 0 138
12 0 139
1 262 0
7 588 1
2 48010 2
8 70854 3
3 292 4
9 709 5
4 0 6
10 0 7
5 292 8
11 822 9
6 0 10
12 0 11
1 460 128
7 1338 129
2 60073 130
8 77814 131
3 574 132
9 1635 133
4 0 134
10 0 135
5 0 136
11 1269 137
6 84 138
12 132 139
1 41 0
7 280 1
2 48692 2
8 71927 3
3 1 4
9 362 5
4 36 6
10 57 7
5 12 8
11 512 9
6 94 10
12 77 11
